FERMI LAT
GeVlower, GeVupper, IGRBintensity, IGRBuncertainty, fguncertainty, totalEGB, EGBuncertainty
0.10, 0.14, 2.8e-6, 0.6e-6, +0.1-0.9×10-6, 3.7e-6, 0.6e-6
0.14, 0.20, 1.7e-6, 0.4e-6, +0.1-0.6×10-6, 2.3e-6, 0.4e-6
0.20, 0.28, 1.1e-6, 0.3e-6, +0.1-0.4×10-6, 1.5e-6, 0.3e-6
0.28, 0.40, 6.7e-7, 2.0e-7, +0.7-2.4×10-7, 9.7e-7, 2.0e-7
0.40, 0.57, 4.5e-7, 1.0e-7, +0.7-1.6×10-7, 6.7e-7, 1.0e-7
0.57, 0.80, 3.3e-7, 0.4e-7, +0.6-1.1×10-7, 4.9e-7, 0.4e-7
0.80, 1.1, 1.9e-7, 0.2e-7, +0.4-0.7×10-7, 3.0e-7, 0.2e-7
1.1, 1.6, 1.1e-7, 0.1e-7, +0.3-0.4×10-7, 1.8e-7, 0.1e-7
1.6, 2.3, 6.0e-8, 0.8e-8, ±2.7×10-8, 1.1e-7, 0.1e-7
2.3, 3.2, 3.9e-8, 0.4e-8, +1.9-1.8×10-8, 6.9e-8, 0.5e-8
3.2, 4.5, 2.3e-8, 0.3e-8, +1.3-1.1×10-8, 4.2e-8, 0.4e-8
4.5, 6.4, 1.5e-8, 0.2e-8, +0.8-0.6×10-8, 2.6e-8, 0.3e-8
6.4, 9.1, 9.6e-9, 1.5e-9, +5.4-3.8×10-9, 1.7e-8, 0.2e-8
9.1, 13, 7.6e-9, 1.0e-9, +3.1-2.1×10-9, 1.2e-8, 0.1e-8
13, 18, 4.0e-9, 0.5e-9, +2.0-1.1×10-9, 6.8e-9, 0.6e-9
18, 26, 2.6e-9, 0.3e-9, +1.2-0.7×10-9, 4.4e-9, 0.4e-9
26, 36, 1.6e-9, 0.2e-9, +0.7-0.4×10-9, 2.7e-9, 0.2e-9
36, 51, 1.1e-9, 0.1e-9, +0.4-0.3×10-9, 1.8e-9, 0.2e-9
51, 72, 6.3e-10, 0.8e-10, +2.0-1.7×10-10, 1.1e-9, 0.1e-9
72, 100, 3.6e-10, 0.5e-10, +1.1-1.0×10-10, 6.2e-10, 0.6e-10
100, 140, 1.5e-10, 0.3e-10, +0.5-0.4×10-10, 3.1e-10, 0.4e-10
140, 200, 9.8e-11, 2.0e-11, +2.7-2.6×10-11, 1.9e-10, 0.3e-10
200, 290, 4.7e-11, 1.4e-11, +1.3-1.2×10-11, 8.9e-11, 1.7e-11
290, 410, 3.2e-11, 1.1e-11, +0.9-0.8×10-11, 6.3e-11, 1.3e-11
410, 580, 7.3e-12, 5.7e-12, +3.8-2.9×10-12, 2.1e-11, 0.9e-11
580, 820, 2.3e-12, 0, 9.7*10-12, 6.0e-12

EGRET
MeVlower, MeVupper, EGRBintensity, EGRBuncertainty
30, 50, 8.40e-7, 2.54e-7
50, 70, 5.30e-7, 0.80e-7
70, 100, 2.22e-7, 0.22e-7
100, 150, 8.96e-8, 0.91e-8
150, 300, 2.61e-8, 0.26e-8
300, 500, 6.00e-9, 0.63e-9
500, 1000, 1.52e-9, 0.17e-9
1000, 2000, 3.20e-10, 0.44e-10
2000, 4000, 1.20e-10, 0.16e-10
4000, 10000, 1.95e-11, 0.30e-11
10000, 20000, 3.40e-12, 1.39e-12
20000, 50000, 1.11e-12, 

COMPTEL (from figure!)
MeV, Intensity
0.005044, -2.1875
0.1639, -2.01
0.3329, -2.3175
0.5195, -2.6725
0.6961, -2.6125
0.8474, -2.675
1.0038, -2.665
1.1425, -2.5975
1.3291, -2.5825









